"Media"	"Mediana"	"Var."	"Max"	"Min"
"BestDT_.csv"	271.851009766921	273.420013427734	31.1024746049055	282.294998168945	242.290000915527
"BestMLP_.csv"	341.666882288277	318.42209784335	4768.71756238338	475.814276125247	246.104872687233
"BestRF_.csv"	271.851009766921	273.420013427734	31.1024746049055	282.294998168945	242.290000915527
"BestSVR_.csv"	342.947099850978	321.253868942944	4603.54926076655	477.36285152584	226.419324858708
"real_.csv"	343.118993560143	321.720001220703	4604.22922758362	477.709991455078	222.949996948242
"Media"	"Mediana"	"Var."	"Max"	"Min"
"BestDT_.csv"	271.851009766921	273.420013427734	31.1024746049055	282.294998168945	242.290000915527
"BestMLP_.csv"	341.666882288277	318.42209784335	4768.71756238338	475.814276125247	246.104872687233
"BestRF_.csv"	271.851009766921	273.420013427734	31.1024746049055	282.294998168945	242.290000915527
"BestSVR_.csv"	342.947099850978	321.253868942944	4603.54926076655	477.36285152584	226.419324858708
"real_.csv"	343.118993560143	321.720001220703	4604.22922758362	477.709991455078	222.949996948242
